0.000000
0.000000
0.000000
0.000000
0.000000
0.000000
0.000000
0.000000
0.000000
0.000000
0.000000
0.000000
0.000000
0.000000
0.000000
0.000000
0.000000
0.000000
0.000000
0.000000
0.000000
0.227644
0.227644
0.157697
0.157697
-1.173954
-0.002605
-0.002605
-1.373583
0.000000
0.000000
0.600394
0.600394
0.594349
0.594349
0.240143
4.403774
4.403774
-0.376698
0.000000
0.000000
-0.986680
-0.986680
-0.419132
-0.419132
-0.444146
-9.289062
-9.289062
-1.662987
0.000000
0.000000
-0.746461
-0.746461
0.270847
0.270847
-0.892912
-8.735520
-8.735520
-1.102036
0.000000
0.000000
-1.058675
-1.058675
1.861385
1.861385
-0.395626
-5.412695
-5.412695
-1.111137
0.000000
0.000000
-0.196978
-0.196978
-0.038571
-0.038571
-0.148570
-0.813284
-0.813284
-0.500085
0.000000
0.000000
-0.946380
-0.946380
0.035090
0.035090
0.207445
4.502466
4.502466
0.102608
0.000000
0.000000
-0.704931
-0.704931
-0.281435
-0.281435
1.137550
5.272201
5.272201
-0.284925
0.000000
0.000000
-1.025280
-1.025280
0.588631
0.588631
1.405535
4.945332
4.945332
0.226597
0.000000
0.000000
0.416492
0.416492
0.480817
0.480817
1.347941
8.504559
8.504559
0.000880
0.000000
0.000000
-2.028923
-2.028923
-1.129535
-1.129535
-0.424989
9.078333
9.078333
-0.614303
0.000000
0.000000
-0.365731
-0.365731
1.297856
1.297856
-0.470443
-10.073184
-10.073184
-0.361644
0.000000
0.000000
1.764749
1.764749
-1.048977
-1.048977
1.424760
5.163837
5.163837
0.102651
0.000000
0.000000
-0.866924
-0.866924
-0.663952
-0.663952
1.476569
-6.293396
-6.293396
0.689505
0.000000
0.000000
1.034594
1.034594
0.155478
0.155478
0.206762
6.175680
6.175680
-0.267123
0.000000
0.000000
-1.542176
-1.542176
-0.545706
-0.545706
1.572139
-0.662082
-0.662082
-0.408564
0.000000
0.000000
0.000000
0.000000
0.000000
0.000000
0.000000
0.000000
-0.296377
-0.296377
0.000000
-0.205884
-0.205884
-1.911614
-1.911614
-0.145282
-0.145282
0.576436
0.000000
0.000000
-0.140384
-0.140384
-0.176019
-0.176019
0.971422
0.971422
0.012655
0.000000
0.000000
-1.261704
-1.261704
-0.823250
-0.823250
4.965222
4.965222
-0.599244
0.000000
0.000000
1.345001
1.345001
0.792980
0.792980
4.350717
4.350717
-0.134740
0.000000
0.000000
1.181152
1.181152
-0.348311
-0.348311
-0.129100
-0.129100
0.032564
0.000000
0.000000
0.071375
0.071375
0.064313
0.064313
-0.696546
-0.696546
-1.135504
0.000000
0.000000
-0.031222
-0.031222
-0.141069
-0.141069
-11.020863
-11.020863
-1.074660
0.000000
0.000000
-0.266975
-0.266975
1.826923
1.826923
-3.929907
-3.929907
-0.905914
0.000000
0.000000
-0.149713
-0.149713
-0.089339
-0.089339
-5.416443
-5.416443
-0.968617
0.000000
0.000000
-0.368660
-0.368660
0.254396
0.254396
3.632634
3.632634
0.176647
0.000000
0.000000
-0.356422
-0.356422
-0.689529
-0.689529
-4.800576
-4.800576
1.559112
0.000000
0.000000
1.276899
1.276899
1.441449
1.441449
0.907527
0.907527
0.809064
0.000000
0.000000
0.539451
0.539451
0.325943
0.325943
-11.421926
-11.421926
-1.070262
0.000000
0.000000
-0.677077
-0.677077
0.601100
0.601100
2.008783
2.008783
-0.165522
0.000000
0.000000
1.284411
1.284411
-0.325132
-0.325132
7.397232
7.397232
-0.108190
0.000000
0.000000
-1.005087
-1.005087
-1.360457
-1.360457
5.392936
5.392936
-0.099055
0.000000
0.000000
0.000000
0.000000
0.000000
0.000000
-0.555187
-0.555187
11.193719
11.193719
2.383835
2.383835
1.791573
1.791573
-1.151771
-1.151771
0.610392
0.610392
-4.270826
-4.270826
5.699854
5.699854
8.314498
8.314498
10.243731
10.243731
14.254962
14.254962
-2.406901
-2.406901
8.498073
8.498073
-1.379675
-1.379675
1.134934
1.134934
5.572348
5.572348
-0.136679
-0.136679
7.407893
7.407893
3.599217
3.599217
8.132196
8.132196
2.465596
2.465596
14.869283
14.869283
0.158655
0.158655
-24.509123
-24.509123
0.000000
0.215098
0.215098
3.103362
3.103362
0.500945
0.500945
0.820061
0.820061
5.456975
5.456975
-0.291831
-0.291831
-0.291831
-0.291831
0.721185
0.721185
0.539771
0.539771
0.136882
0.136882
0.000000
0.000000
0.000000
0.000000
0.000000
0.000000
0.000000
0.000000
0.000000
0.000000
0.000000
-0.006196
-0.006196
-0.043389
-0.043389
0.000000
0.212783
0.000000
1.569675
1.569675
0.000000
1.820707
1.820707
0.358328
0.000000
1.404615
1.404615
-0.065418
-0.065418
-0.630137
-0.630137
0.000000
1.005994
0.210664
0.528913
0.528913
1.981945
-0.513829
0.591359
1.523480
1.523480
0.989072
0.623229
0.623229
-1.276105
-1.276105
-0.671335
-1.085243
-1.085243
-0.994718
-0.994718
0.025397
-0.302347
-0.302347
1.411827
1.411827
-1.407152
-0.306262
-0.306262
-1.972939
-1.972939
-1.249401
0.000000
0.000000
-0.734155
-0.734155
-0.250502
-1.325755
-1.325755
1.656525
1.656525
0.807790
1.006065
1.006065
1.505249
1.505249
-0.169805
-1.034522
-1.034522
-1.800443
-1.800443
-0.894200
-1.926497
-1.926497
0.420029
0.420029
0.298973
0.000000
0.000000
-1.797380
-1.797380
-0.278045
-1.426751
-1.426751
-0.731348
-0.731348
2.041641
0.492227
0.492227
-4.457713
-4.457713
-1.005470
0.279702
0.279702
-0.931945
-0.931945
0.451135
-0.917902
-0.917902
-0.388862
-0.388862
-0.927780
0.000000
0.000000
-1.033246
-1.033246
-0.584085
0.347134
0.347134
-0.373436
-0.373436
1.103870
-0.191269
-0.191269
0.888295
0.888295
0.358923
-0.427727
-0.427727
-0.098967
-0.098967
0.373811
0.914242
0.914242
-0.151952
-0.151952
0.250404
0.000000
0.000000
0.000000
0.000000
0.000000
0.000000
0.000000
0.000000
0.000000
0.000000
0.000000
0.000000
0.000000
0.000000
0.000000
0.000000
0.000000
0.000000
0.000000
0.000000
0.000000
0.000000
0.000000
0.000000
0.000000
0.318148
0.318148
1.165090
1.165090
-2.002121
-2.002121
0.000000
0.285478
0.285478
-0.454253
-0.454253
1.210458
1.210458
0.307204
0.307204
-0.724586
0.215824
1.229222
1.229222
-0.301525
-0.301525
1.608123
-0.251337
-0.251337
0.000000
0.551797
0.551797
0.902347
1.105954
1.105954
2.630794
-1.672467
-1.672467
-0.771600
-0.670519
-0.670519
0.000000
0.651290
0.651290
0.739366
-0.693269
-0.506462
-0.350626
-0.350626
-0.194563
0.942362
0.942362
-1.195724
-0.748447
-0.748447
-0.578740
-0.578740
1.470539
1.470539
0.879443
1.696967
0.654179
0.654179
-0.557712
1.052112
1.052112
1.879145
1.879145
-0.027137
0.000000
0.000000
-0.400138
-0.400138
-0.064581
-0.064581
0.000000
0.273959
0.273959
-0.285508
-0.285508
0.380465
0.380465
5.931760
5.931760
-2.083375
-2.731532
0.219875
0.219875
1.170742
1.170742
0.496661
0.177826
0.177826
0.000000
0.049315
0.049315
-0.499686
0.074930
0.074930
1.698176
0.417287
0.417287
-0.078071
-0.358125
-0.358125
0.000000
0.137539
0.137539
-0.721824
-0.453787
1.272484
0.022268
0.022268
-1.759833
0.602315
0.602315
-1.345000
-0.745797
-0.745797
-0.357652
-0.357652
0.473995
0.473995
-2.287864
-1.448323
-1.400058
-1.400058
0.064329
0.119248
0.119248
1.799580
1.799580
1.064270
0.000000
0.000000
-1.384398
-1.384398
0.136296
0.136296
0.000000
1.689233
1.689233
0.142065
0.142065
2.008987
2.008987
-0.424130
-0.424130
-0.529029
0.313445
0.339903
0.339903
2.955262
2.955262
-0.794063
0.814769
0.814769
0.000000
0.362550
0.362550
-0.235168
-1.012694
-1.012694
0.330264
-0.450322
-0.450322
-0.701736
-1.104096
-1.104096
0.000000
0.850986
0.850986
-1.799130
0.608820
-0.259956
-0.505598
-0.505598
-2.069759
0.888756
0.888756
-0.375303
2.031388
2.031388
-0.075100
-0.075100
-0.375259
-0.375259
0.251198
0.778203
1.616607
1.616607
-1.603746
0.458880
0.458880
1.598231
1.598231
0.988785
0.000000
0.000000
-0.360372
-0.360372
0.905365
0.905365
0.000000
-0.033593
-0.033593
0.118632
0.118632
-0.093352
-0.093352
1.439062
1.439062
0.117750
0.722126
0.023976
0.023976
-0.331199
-0.331199
-0.443625
0.541403
0.541403
0.000000
-0.154746
-0.154746
-0.561646
0.304206
0.304206
0.675961
-0.695195
-0.695195
0.247757
0.556828
0.556828
0.000000
0.124999
0.124999
-1.043037
0.098980
-0.306955
-0.048479
-0.048479
-0.401291
-0.787735
-0.787735
-0.178192
0.278939
0.278939
-1.376855
-1.376855
-0.500751
-0.500751
-0.481064
-0.045644
0.766013
0.766013
-0.027920
1.566090
1.566090
0.213655
0.213655
0.373966
0.000000
0.000000
0.000000
0.000000
0.000000
0.000000
0.000000
0.000000
0.000000
0.000000
0.000000
0.000000
0.000000
0.000000
0.000000
0.000000
0.000000
0.000000
0.000000
-0.325622
-0.325622
2.964442
2.964442
-0.312345
0.069313
0.069313
-0.035854
0.000000
0.000000
-0.724092
-0.724092
-0.715001
-0.715001
0.489008
5.369882
5.369882
-0.048083
0.000000
0.000000
0.934140
0.934140
1.050473
1.050473
-1.140767
0.777159
0.777159
-1.525005
0.000000
0.000000
-0.409624
-0.409624
-2.457734
-2.457734
0.915674
-0.376861
-0.376861
-1.197009
0.000000
0.000000
-0.169370
-0.169370
0.080888
0.080888
-1.323402
-2.994177
-2.994177
-1.134407
0.000000
0.000000
-1.313471
-1.313471
0.137739
0.137739
-0.784042
-14.270368
-14.270368
-0.987101
0.000000
0.000000
1.088277
1.088277
0.511238
0.511238
1.346259
2.075427
2.075427
-0.605501
0.000000
0.000000
0.284260
0.284260
-0.608428
-0.608428
-0.331081
10.383473
10.383473
-0.472168
0.000000
0.000000
1.078245
1.078245
0.836408
0.836408
0.123452
13.867424
13.867424
0.812529
0.000000
0.000000
-0.287613
-0.287613
-1.372123
-1.372123
-1.492397
4.109801
4.109801
-0.209881
0.000000
0.000000
-1.258456
-1.258456
0.790588
0.790588
-0.413218
-5.068058
-5.068058
0.701207
0.000000
0.000000
1.143649
1.143649
-0.071738
-0.071738
-1.090579
-9.542107
-9.542107
1.331249
0.000000
0.000000
-0.430742
-0.430742
-2.227823
-2.227823
-0.046410
13.719027
13.719027
0.414221
0.000000
0.000000
1.279899
1.279899
-0.872068
-0.872068
1.489856
-1.137107
-1.137107
0.875669
0.000000
0.000000
-1.095233
-1.095233
-0.838797
-0.838797
-0.664740
5.368635
5.368635
0.110742
0.000000
0.000000
0.694473
0.694473
1.696235
1.696235
-0.245598
-1.077457
-1.077457
0.610971
0.000000
0.000000
0.000000
0.000000
0.000000
0.000000
0.000000
0.000000
0.000000
0.000000
0.000000
0.000000
0.000000
0.000000
0.000000
0.000000
0.000000
0.000000
0.000000
0.000000
