3
4
5
6
7
8
9
10
11
12
13
14
15
18
21
31
41
51
61
71
81
91
101
111
121
131
141
151
161
171
181
182
184
185
186
187
199
208
217
226
235
244
253
262
271
280
289
298
307
316
325
334
335
336
337
338
387
408
409
410
411
412
413
414
415
416
417
418
423
425
428
432
439
471
496
521
546
547
548
549
550
551
552
553
554
555
556
557
558
559
560
561
562
563
564
576
594
606
635
640
658
670
699
704
722
734
763
768
786
798
827
828
829
830
831
832
833
834
835
836
837
838
841
844
854
864
874
884
894
904
914
924
934
944
954
964
974
984
994
1004
1005
1007
1008
1009
1010
1011
1012
1013
1014
1015
1016
1017
1019
